start=3486.817000
volume=112.000000
sid=2
